8.5
7.34
7.85
7.84
10.36
7.2
9.58
6.03
7.26
7
8.21
6.03
10.07
6.88
6.03
7.26
6.03
7.26
7.48
6.88
6.03
6.97
6.92
6.03
6.92
6.03
7.78
6.97
6.88
7.48
6.03
10.57
8.28
7.88
8.68
6.03
7.26
6.03
6.97
7.06
6.03
6.97
6.97
5.98
9.03
6.03
6.97
6.03
7.26
7.26
6.97
6.11
9.57
7.3
6.03
9.58
8.07
8.97
8.97
6.03
6.89
6.03
6.97
6.97
6.97
8.07
8.11
6.99
7.88
6.03
6.03
7.17
9.15
9.45
6.99
6.97
6.03
6.03
6.89
6.88
6.03
9.58
6.03
6.89
6.03
8.2
9.35
6.03
8.27
7.92
6.03
7.26
6.03
6.03
9.29
11.17
6.03
7.26
6.03
6.03
8.32
11.17
8.63
8.3
6.03
6.99
8.05
8.72
8.57
8.24
8.24
8.24
6.03
8.97
9.3
6.03
8.24
7.26
6.03
6.03
6.03
6.03
6.03
6.03
6.03
6.03
6.88
6.88
6.88
6.97
6.97
10
6.03
6.03
6.89
8.15
6.88
7.88
7.26
6.03
8.23
7.26
8.33
6.84
6.84
6.03
6.03
6.89
8.25
6.03
8.05
6.03
9.53
8.12
8.92
6.03
7.34
6.03
7.34
6.03
6.03
7
7.26
6.89
6.89
6.89
8.83
8.5
6.89
7.88
6.03
8.9
6.89
9.07
9.83
8.28
10.36
9.29
7.88
8.28
7.26
9.29
9.29
8.68
8.55
6.89
8.07
6.97
6.88
8.49
6.97
6.88
8.22
6.03
6.03
7.26
7.26
6.03
6.03
6.88
9.83
6.97
7.58
8.49
7.97
10.36
9.63
9.29
8.07
5.8
6.97
8
6.97
6.03
6.03
10.6
10.6
10.6
10.6
10.6
10
6.97
6.03
11.17
8.23
7
6.03
6.03
6.03
6.03
8.97
6.03
8.5
8.3
8.24
9.3
6.97
6.88
6.03
6.03
6.97
6.97
7.26
6.89
8.67
6.03
7.67
8.07
6.03
6.03
7.26
8.57
7.26
9.58
6.88
6.03
6.84
7.84
8.24
11.17
7.54
8.3
11.17
5.52
6.03
6.89
7.42
7.42
8.23
7.64
7.26
6.03
5.98
7.88
6.97
6.03
6.03
6.03
6.97
7.85
8.08
7.88
6.84
8.24
6.03
6.84
9.53
6.03
9.14
6.03
8.67
8.83
8.25
6.03
8.05
7.46
6.03
6.03
8.55
8.03
6.03
8.17
6.89
6.03
4.19
8.32
7.26
9.37
6.88
8.97
8.97
6.81
6.03
6.03
8.25
8.24
7.88
8.03
6.03
6.03
8.5
6.03
7.26
9.3
6.03
8.24
9.53
7.62
6.03
6.03
6.03
10.36
6.84
6.03
8.21
6.03
6.03
6.97
8.21
8.21
8.63
10.36
8.63
8.21
8.26
8.23
6.03
7.84
7.67
6.03
7.88
6.97
9.63
9.63
7.1
7
6.99
6.88
6.03
7.34
6.97
6.97
6.97
6.97
8.07
8.07
8.59
8.59
8.07
6.97
6.03
9.86
6.03
8.63
7.87
6.03
6.03
6.03
7.26
6.97
6.03
6.03
7.78
9.2
9.2
6.23
8.12
8.12
6.03
8.33
8.24
6.03
7.42
7.88
8.49
6.03
7
6.03
8.07
7.26
8.3
8.3
8.63
10.6
10.6
10.6
10.6
10.6
6.97
7
8.24
7.96
6.89
6.88
8.23
6.97
9.15
8.39
6.03
6.03
6.97
6.03
7.3
6.03
8.1
8.1
6.83
6.83
6.03
6.88
6.03
6.03
8.27
8.24
8.24
6.03
6.03
6.89
6.89
6.89
6.03
7.67
6.88
7.26
6.03
6.03
6.97
6.88
6.89
6.03
7.67
6.89
6.03
6.03
6.88
6.03
7.88
6.03
6.03
6.84
6.84
6.03
6.84
6.84
6.03
6.03
8.92
7.77
8.64
4.17
6.97
6.89
11.17
6.88
6.03
6.03
7.88
8.97
6.84
6.03
7.09
7.88
7.88
6.03
6.89
6.03
9.13
6.03
8.5
8.26
6.03
6.03
6.03
6.03
8.3
6.89
6.97
7.26
6.89
6.03
6.97
6.84
6.84
6.03
6.03
6.03
8.21
6.03
8
6.03
6.88
6.02
6.03
9.03
5.81
7.26
8.29
6.03
10.57
11.17
6.03
6.03
9.58
6.39
6.03
6.88
6.03
6.03
6.97
7.26
6.03
6.03
6.92
6.03
6.03
6.92
7.85
9.96
8.24
8.21
8.24
6.88
9.57
6.03
8.23
8.19
7.26
8.3
6.97
9.13
6.03
6.03
6.94
6.03
6.03
8.2
8.63
6.97
6.88
8.49
7.88
6.88
6.03
7.26
7.88
8.23
9.75
7.84
9.47
9.11
6.03
6.97
7.12
8.05
9.31
6.89
6.97
8.17
8.28
9.17
8.97
8.24
6.39
6.03
8.11
6.03
6.89
6.79
6.03
6.03
6.97
8.07
6.89
6.97
5.9
8.24
9.3
8.1
8.1
10.36
6.84
8.24
6.03
8.1
6.89
6.99
6.88
8.24
8.13
8.05
8.63
7.42
6.03
8.24
10
8.28
8.24
5.27
8.24
7.67
6.97
8.24
6.84
6.03
8.97
7.26
8.24
8.24
8.24
8.25
6.03
8.05
6.89
6.03
6.97
6.88
6.03
6.8
6.99
8.3
8.01
6.03
8.23
8.24
7.73
7.88
7.5
7.5
10.36
6.84
6.88
7.88
6.88
8.97
6.03
5.82
8.24
6.03
8.05
7.69
7.88
6.03
6.81
8.49
6.03
6.03
6.97
9.53
9.57
6.89
6.89
6.03
7.26
6.89
9.63
6.84
6.03
6.03
8.17
8.67
7.26
7.88
6.03
6.16
8.27
6.89
10.36
9.03
10.36
8.96
9.29
10.6
6.94
6.99
7.67
6.88
8.97
7
9.47
9.58
8.28
8.07
9.34
9.34
9.34
11.17
8.24
7
6.03
6.88
6.03
6.99
8.28
6.99
7.26
8.59
8.26
8.28
7.92
6.03
7.26
8.5
8.67
8.21
7.84
8.24
7.06
7.09
6.03
7.26
9.45
8.24
8.28
6.88
6.88
3
6.03
6.97
6.97
6.88
6.03
6.88
6.88
6.03
7.88
7.91
8.12
6.88
6.97
6.03
6.97
10
7.88
6.03
8.72
5.8
8.97
6.03
9.63
10.36
6.03
8
9.47
7.84
6.03
8.44
8.3
8.63
7.2
6.88
7.92
6.03
7.26
6.03
8.21
6.03
8.07
6.03
8.3
8.3
8.63
6.97
6.83
3.88
6.97
6.03
8.24
7.4
7.42
7.42
9.3
8.28
8.28
9.3
6.03
8.59
6.03
6.03
7.5
9.29
9.29
8.06
6.03
7.26
6.03
7.3
6.03
6.84
6.84
8.1
8.1
8.77
6.03
6.03
6.03
8.97
7.98
8.63
6.03
8.24
6.03
6.03
6.03
6.03
6.03
6.03
6.03
9.07
6.03
6.88
8.68
7.78
6.03
6.03
6.03
6.03
7.09
7.77
6.03
7.26
6.97
6.89
7.88
7.88
7.88
6.03
8.25
6.74
6.74
6.99
7.95
8.62
6.89
6.88
9.53
6.81
6.03
8.12
8.05
10
6.03
8.12
6.84
6.03
6.03
6.03
6.03
8.24
8.23
5.27
7.78
8.24
8.49
6.03
6.88
7.26
7.09
9.86
8.21
10.36
6.03
7.88
8.57
8.21
6.03
9.79
8.21
6.83
6.89
9.03
7.88
6.97
8.04
7.67
6.03
6.03
6.03
6.81
6.03
7.26
6.03
7.84
8.32
6.03
5.97
0
6.88
6.97
6.97
8.26
8.3
6.11
6.97
6.03
8.49
7.26
7.3
8.29
8.12
11.17
6.03
6.88
6.97
6.97
6.03
9.13
6.39
6.89
6.03
6.03
6.03
6.97
7.96
6.03
6.89
6.97
6.03
7.88
7.88
7.88
8.24
6.03
6.03
8.28
6.97
7.3
6.03
6.89
8.56
8.56
6.99
6.97
6.03
6.03
8.63
8.63
6.03
8.3
6.03
8.57
8.57
8.57
8.27
3.88
6.99
7.88
6.03
7.26
6.89
9.83
7.84
6.03
6.03
6.03
6.97
8.49
6.03
7.26
6.97
7.26
6.03
8.28
7.48
8.19
6.81
6.03
6.03
8.24
6.84
6.88
7.1
6.2
6.03
6.03
8.24
8.23
6.97
8.1
6.03
7.81
6.03
7.26
7.26
6.03
6.03
7.09
8.09
6.03
6.03
6.03
6.03
7.88
8.57
6.88
11.5
6.03
6.83
8.05
5.65
7.67
6.03
9.3
6.84
7.2
6.03
6.03
6.03
8.05
7.58
8.24
9.3
9.62
6.97
7.25
6.03
6.03
8.27
6.03
8.56
6.03
8.03
9.53
7.42
6.84
6.84
7.34
6.03
7.85
6.97
8.49
6.03
7.84
6.89
6.97
6.88
8.15
6.5
6.88
6.03
6.97
6.97
6.97
11.17
7.84
5.8
5.83
8.21
6.88
6.03
6.61
6.03
6.03
6.97
6.97
6.03
6.03
8.68
8.68
6.03
7.46
8.3
8.97
9.63
6.97
6.88
6.97
6.97
10
6.97
6.97
8.97
8.97
6.03
8.18
7.3
8.32
6.03
7.26
6.03
9.16
8.08
7.58
6.03
8.05
7.26
7.84
9.47
7.26
6.03
7.26
6.88
9.29
9.29
8.24
6.89
7.88
6.89
6.89
6.97
6.89
6.89
7.81
6.03
6.03
8.23
6.03
6.03
6.03
8.15
8.97
6.03
6.03
9.29
9.29
6.03
6.03
6.89
6.89
8.2
10.6
10.6
8.65
10.36
6.03
7.91
7.88
6.03
7.88
6.03
6.03
7.39
6.03
8.05
8.28
6.03
6.2
6.2
6.2
6.99
6.88
6.03
6.88
7.85
6.97
6.88
9.41
9.41
6.03
8.68
8.3
7
7.93
6.03
6.97
8.28
8.21
6.03
8.32
7.58
6.1
6.84
6.88
7.88
7.88
7.88
9.64
9.3
8.01
6.83
6.03
6.03
8.05
8.13
8.07
6.84
6.88
9.13
9.58
6.03
9.7
8.97
6.03
6.03
7.96
7.88
9.13
6.03
6.03
6.03
6.03
6.03
6.03
6.97
9.13
6.89
6.89
5.82
8.06
8.27
5.82
6.03
6.97
6.99
6.89
6.88
7.67
6.03
6.03
9.03
7.76
6.03
6.97
6.97
6.97
6.97
6.97
6.03
7.97
6.03
6.89
6.03
6.89
8.28
10.6
10.6
10.6
10.6
10.6
10.6
10.6
10.6
10.6
10.6
6.03
11.17
7.78
7.95
7.26
6.03
6.97
6.97
6.03
6.89
6.97
9.21
6.03
8.28
8.28
6.03
6.03
8.06
8.06
8.27
6.89
10
6.89
7.42
7.88
9.58
10.36
8.24
8.07
9.3
6.03
9.7
6.03
6.97
7.85
6.03
7.26
6.83
8.24
5.4
6.03
8.28
6.03
7.3
8.07
8.2
8.01
7.09
7.88
8.28
8.1
8.1
8.1
8.1
6.97
6.03
6.03
8.24
8.24
6.88
6.53
6.84
8.24
8.27
6.88
6.89
8.24
8.24
8.69
7.49
6.5
7.4
6.03
6.97
7.4
6.03
6.03
6.03
6.84
8.63
6.03
7.88
10.51
6.03
6.97
6.03
7.88
7.09
6.03
6.03
8.57
8.5
6.03
8.57
6.97
6.03
8.57
6.03
8.35
9.41
6.03
7.09
8.08
6.03
6.03
6.03
6.03
7.26
6.03
6.97
6.03
6.84
6.03
5.82
8.12
11.7
6.03
9.75
9.25
6.03
9.86
9.86
6.03
8.21
9.03
7.83
6.03
8.31
6.03
6.97
6.03
6.88
8.04
6.97
6.03
8.43
8.39
6.97
6.97
6.88
6.03
6.03
5.83
6.03
6.03
6.03
6.03
8.23
6.03
6.03
6.03
8.21
6.97
6.89
6.03
6.03
6.89
6.03
6.03
7.77
6.03
8.24
10.57
8.28
7.77
6.03
6.03
7.26
7.26
7.67
6.97
6.03
6.03
7.26
6.97
6.03
6.03
6.03
6.03
7.58
6.97
8.1
6.03
8.33
6.88
7.88
10.6
6.03
6.03
6.03
6.88
6.03
6.89
8
6.03
6.03
6.03
7.3
6.97
6.84
6.84
8.05
8.67
7.93
6.03
6.03
9.35
7.78
6.03
7.88
6.03
10.68
5.73
6.03
8.21
6.89
6.03
8.21
8.7
8.24
8.57
8.28
6.03
6.97
6.84
8.31
7.42
6.03
8.97
6.84
9.41
9.41
6.03
6.84
7.26
6.88
6.03
7.88
6.88
6.03
7.26
6.03
6.03
6.03
6.97
8.31
7.42
6.03
8.25
7.95
6.03
6.03
6.03
6.03
8.24
7.79
6.88
8.24
6.03
10
6.89
9.29
6.03
8.23
6.84
6.03
7.26
8.12
7.2
5.91
7.85
6.97
6.97
6.81
9.25
9.25
8.67
8.57
9.96
8.5
7.24
8.57
6.03
6.03
8.59
9.86
7.88
6.88
8.28
6.03
7.88
8.23
7.44
8.49
6.99
8.3
6.03
6.89
9.63
10.86
6.03
10.36
9.3
6.89
6.03
8.97
6.03
6.03
8.43
9.86
7.88
10.36
8.24
6.03
6.03
7.43
11.17
8.26
6.03
6.03
5.93
7.09
6.88
6.03
6.97
8.84
7.85
6.88
8.07
6.89
6.97
9.29
9.29
6.03
9.63
8.24
7.58
6.97
6.03
10.07
6.88
6.03
6.03
6.03
6.03
6.03
6.97
6.88
7.81
8.44
5.98
6.03
6.03
6.03
5.73
6.89
8.97
7.88
7.2
7.3
6.03
8
7.81
6.72
11.17
6.03
8.3
7.26
9.86
8.2
6.17
6.03
8.24
9.7
6.03
6.03
5.27
5.27
6.03
8.32
8.06
7.26
8.12
9.53
6.03
6.97
6.88
6.88
8.21
6.03
6.84
8.3
6.03
7.85
6.89
8.24
8.24
6.97
6.03
6.03
8.26
6.03
6.03
7.46
7.77
6.89
6.89
7.88
6.83
7.26
7.88
6.03
6.03
7.88
7.88
7.88
7.88
6.03
6.03
6.03
8.25
7.88
6.03
7.67
9.53
8.01
8.32
6.88
6.97
6.03
9.3
7
6.89
6.03
6.89
6.03
6.03
11.17
10.36
11.17
6.03
6.03
6.98
8.4
6.03
6.03
6.03
9.86
6.84
6.97
6.88
9.18
8.13
10.36
7.96
6.03
6.03
6.03
6.03
6.97
8.97
8.26
6.03
6.03
9.36
9.3
6.16
5.83
8.63
7.67
7.3
7.3
7.88
6.03
7.84
8.63
6.03
9.45
6.03
8.72
9.45
8.07
6.89
8.24
8.21
8.3
7.48
6.89
6.88
6.03
6.89
6.89
6.03
6.03
9.63
6.03
6.03
11.17
6.03
6.03
6.97
6.97
6.97
6.03
8.05
6.03
6.97
6.03
8.07
6.03
9.29
8.1
8.9
6.97
7.58
6.97
9.3
8.2
8.24
6.99
8.79
7.25
7.25
6.99
8.79
7.25
7.25
6.61
8.19
8.2
8.39
6.88
6.03
6.03
6.03
9.29
6.03
6.03
7.34
6.17
6.97
6.83
10
6.03
9.83
6.03
6.03
6.16
6.03
6.03
8.24
8.24
6.97
7.95
8.84
5.27
6.03
6.03
8.07
5.9
8.27
6.76
7.88
8.24
6.03
8.43
8.07
6.89
6.84
6.84
8.32
9.3
6.03
10.36
10.36
6.97
7.26
6.03
11.17
8.25
5.85
6.88
6.03
6.03
6.84
6.03
8.31
9.41
8.24
5.67
6.03
7.26
8.24
6.03
8.92
6.89
6.89
6.03
7.81
7.5
6.99
6.88
6.97
6.88
6.88
6.03
6.03
8.07
8.5
8.77
6.84
9.45
8.5
6.03
6.88
8.63
8.2
8.49
8.49
9.7
6.84
6.84
7.26
7.26
6.03
7.88
7.88
7.88
6.03
9.03
7.76
6.03
8.55
6.97
6.97
6.03
6.99
9.86
9.86
9.86
9.86
6.89
6.03
8.12
9.58
8.15
6.03
6.03
7.91
7.89
8.59
6.99
6.88
8.12
8.12
6.03
8.63
6.03
6.03
6.89
6.89
6.03
7.95
7.42
8.21
6.97
8.28
9.08
7.85
11.17
7.6
8.28
6.97
8.12
8.12
6.03
8.24
6.03
6.03
6.03
6.03
6.03
6.03
6.03
6.03
6.97
6.03
7
6.03
6.03
6.03
6.97
4.82
8.7
8.63
7.81
7.46
6.03
6.97
6.03
6.03
8.27
7.34
7.96
8.28
8.57
6.88
11.17
9.29
7.09
6.99
6.03
8.1
6.03
7.65
6.81
7.26
8.21
8.7
6.03
8.32
6.01
6.03
8.3
7.88
7
6.03
7.09
6.97
8.24
8.15
6.03
7.13
6.03
7.34
6.89
5.97
5.9
6.03
6.03
6.03
8.27
7.26
8.01
6.03
8
6.97
6.97
7.42
9.3
6.03
6.03
11.17
11.17
10.36
7.34
6.03
6.03
7.77
6.03
6.97
6.84
10.51
6.03
6.03
8.24
9.86
9.86
8.24
8.03
6.03
6.89
6.38
6.97
7.26
8.23
6.89
8.84
6.89
10.36
6.03
6.97
6.03
7.26
6.03
8.87
6.03
8.83
8.83
9.29
6.88
6.88
9.63
6.03
8.64
9.29
6.97
8.21
6.03
8.27
8.91
6.03
6.97
8
6.03
8.3
9.68
7.18
6.03
6.03
6.03
6.03
6.03
6.03
6.03
6.03
6.03
9.14
6.03
7.26
6.89
8.3
6.97
6.88
10
6.03
8.3
7.88
6.97
6.03
6.03
6.03
6.88
8.84
6.03
8.97
9.83
6.03
7.88
7.88
8.72
8.2
8.07
5.19
6.03
6.97
6.03
8.24
8.24
6.03
9.78
6.03
6.03
9.86
9.86
6.97
8
6.97
7.26
7.1
6.03
8.97
8.24
8.55
8.77
9.83
7.26
7.3
9.3
7.26
6.61
6.03
6.97
6.97
8.1
8.1
8.24
6.03
8.21
6.88
6.03
7.09
7.26
6.97
6.03
8.32
6.03
6.03
8.71
8.25
7.88
6.03
6.97
6.84
6.03
8.63
6.03
6.03
6.03
6.03
7.42
6.84
7.88
8.57
9.41
9.41
8.25
7.88
7.88
7.88
7.88
6.88
6.03
8.25
8.25
5.61
9.83
6.84
8.24
8.05
7.06
6.97
6.03
5.9
7.88
6.89
6.79
6.03
6.03
6.88
6.03
7.88
6.41
7.34
8.97
9.03
9.86
7.88
7.88
6.97
7.84
6.97
6.89
7.46
8.45
8.63
8.21
8.21
6.97
11.17
7.88
6.03
6.89
8.49
9.3
8.19
9.63
7.09
8.07
6.97
6.97
10
10
6.03
6.03
8.07
6.89
6.03
6.97
6.03
6.89
7.09
6.03
8.68
11.17
10.6
10.6
10.6
10.6
10.6
8.21
8.12
6.97
6.97
7.26
7.26
6.97
8.07
11.17
6.97
6.97
6.97
8.9
6.61
6.88
6.88
6.03
8.26
8.63
9.63
8.23
6.97
8.28
8.24
8.97
9.15
7.3
8.08
7.42
9.3
8.24
8.28
8.28
8.28
8.07
8.3
9.53
6.03
10
6.88
6.03
8.21
6.03
7.88
9.29
6.03
6.03
6.03
8.24
6.84
10.36
6.97
6.97
7.2
8.81
8.44
8.24
8.63
6.03
6.97
8.24
8.57
6.84
6.03
8.24
7.26
6.03
4.5
6.84
6.99
6.03
8.25
6.97
6.97
6.84
6.97
7.34
6.03
10.36
8.3
6.84
6.97
7.88
7.88
6.03
8.57
7.09
7.09
6.17
6.03
8.83
6.03
6.89
6.03
7.88
6.03
6.03
6.97
6.89
8.07
7.06
8.24
8.24
6.03
7.88
7.26
9.86
7.88
7.26
8.24
8.24
6.03
6.84
6.84
6.89
7.26
11.17
11.17
9.3
6.03
6.03
6.84
6.03
6.03
9.13
6.03
6.03
8.23
6.03
6.99
6.03
9.53
6.97
6.88
9.86
6.89
6.03
7.84
6.03
7.7
6.03
6.88
6.99
9.31
6.03
8.97
6.03
6.03
7.84
6.03
6.03
6.03
6.03
8.27
6.88
7.34
10.6
8.55
9.29
8.45
8.45
5.98
6.03
7.88
6.03
6.88
6.88
8.97
6.99
7.26
8.05
6.83
6.03
6.03
8.3
7.26
8.24
6.89
6.97
6.03
5.24
8.77
5.98
7.26
6.03
6.03
6.88
6.97
8.27
6.8
6.97
6.03
6.81
10.07
9.86
8.23
8.07
6.99
8.79
7.25
7.25
8.23
8.24
7.77
7.77
6.97
8.63
8.68
8.7
6.53
8.2
8.24
8.24
10.6
10.6
10.6
10.6
10.6
6.03
8.05
6.03
10.68
7.67
7.95
6.89
7.26
8.21
8.24
6.03
6.03
8.28
9.86
9.86
6.03
7.92
6.03
7.26
6.03
6.84
6.97
7.88
6.03
9.58
9.85
6.03
8.23
8.24
8.21
6.03
7.88
6.67
9.58
8.72
6.03
6.88
7.58
6.03
6.84
7.46
8.27
6.03
8.21
6.89
6.79
6.89
9.53
7.26
6.97
6.84
6.03
6.03
8.63
6.03
8.32
5.46
6.03
6.84
6.88
8.97
7.88
6.84
6.03
6.84
6.03
9.86
9.86
6.03
7.88
6.89
7.06
8.21
6.03
6.03
7.88
6.03
6.03
6.03
8.21
6.03
6.97
8.28
8.15
6.03
6.03
6.03
6.97
7.67
6.03
6.03
7.58
6.03
7.3
6.97
6.92
6.92
7.26
8
6.03
8.3
6.03
6.88
6.03
8.26
8.01
10
6.97
7.38
6.89
6.97
6.03
8.24
7.34
11.17
8.77
8.97
8.97
7.26
8.28
8.28
8.12
8.12
8.48
9.58
6.03
6.97
8.44
6.03
8.3
6.03
8.68
8.68
9.58
6.03
8.21
8.21
7.26
7.88
7.26
8.24
8.28
6.03
6.97
6.03
6.03
6.88
8.23
8.59
9.3
9.29
7.85
6.03
6.03
6.03
8.06
6.03
6.03
6.97
11.17
6.03
6.89
6.89
8.3
6.84
6.03
8.05
8.05
8.07
6.03
6.03
7.88
7.09
6.03
6.97
6.97
8.24
6.97
6.97
6.03
6.84
6.03
6.97
7.84
7.84
8.5
10
9.86
9.86
9.3
6.03
6.03
8.24
8.24
6.67
7.09
8.92
8.92
6.03
7.88
7.95
8.57
7.88
7.88
7.88
7.91
6.03
6.88
6.03
6.88
6.89
6.88
6.84
8.05
9.58
7.67
8.23
11.17
6.03
6.03
8.3
6.03
8.21
6.21
6.03
9.41
8.05
7.34
8.62
7.34
7.84
6.03
9.53
9.63
9.08
10.07
6.03
8.63
6.6
6.03
6.98
6.98
6.98
7.26
7.26
8.12
8.24
8.27
7.84
9.47
7.96
9.86
9.86
6.89
8.21
6.99
6.88
8.21
10.36
11.17
8.27
8.21
8.63
6.88
8.07
6.03
8.3
9.84
6.97
6.99
6.99
8.27
9.79
8.19
6.03
6.03
6.99
6.97
6.88
9.977
6.03
8.4
6.03
8.24
6.88
6.03
6.03
7.88
6.88
9.7
6.03
6.88
8.05
7.26
6.03
6.88
6.03
6.88
7.67
6.03
6.03
6.03
6.03
6.03
8.33
8.72
8.72
6.88
6.03
5.43
6.89
6.03
6.03
10.36
8.97
6.97
8.97
8.97
8
8.12
8.12
8.28
8.7
9.7
7.67
6.03
6.97
10.6
10.6
10.6
10.6
10.6
7.88
6.88
6.03
6.03
6.97
6.97
6.97
7.85
5.98
6.97
6.88
6.03
6.03
6.03
9.58
6.03
7.84
7.76
8.56
8.56
8.59
6.03
7.83
8.01
6.88
9.83
8.05
7.58
6.03
6.84
8.21
6.01
7.26
8.24
6.03
8.15
8.67
8.1
8.1
6.97
6.88
7.88
9.86
9.86
6.03
8.97
6.03
6.97
11.17
11.17
8.07
6.03
6.03
6.03
8.59
8.22
6.03
6.97
9.36
7.88
9.2
7.06
5.9
8.55
8.03
6.03
8.27
7.26
6.03
8.1
6.03
6.03
9.13
6.81
11.17
6.84
7.46
7.85
5.27
6.84
6.89
6.89
8.17
6.03
7.58
8.49
8.2
8.41
8.21
6.03
6.97
7.88
9.3
6.83
6.03
6.03
6.89
8.68
8.68
6.88
6.89
6.03
7.67
8.43
6.03
6.39
6.03
6.88
8.5
8.07
6.88
8.07
6.89
7.78
7.95
6.97
6.97
10
7.67
6.03
8
6.03
6.03
6.03
6.03
6.88
7.67
6.03
6.97
6.97
6.03
6.97
6.97
7.26
8.27
6.03
9.14
8.07
6.88
8.24
8.55
8.21
6.03
6.97
6.03
6.03
9.29
8.12
8.12
8.63
6.03
7.2
6.97
6.97
8.59
6.97
8.68
6.03
8.11
6.03
8.27
8.24
8.15
6.03
6.03
6.97
8.23
7.34
8.24
7.2
8.07
8.05
6.03
8.1
8.1
6.03
6.03
8.23
8.24
6.03
6.03
6.97
6.03
9.53
6.03
8.32
7.3
6.88
9.38
7.23
6.03
6.03
6.97
8.24
6.03
7.17
8.47
7.78
6.89
6.03
6.03
7.5
8.23
6.03
6.03
7.88
6.03
6.83
6.03
6.03
6.03
6.03
8.97
6.03
7.58
7.99
6.03
6.67
11.17
11.17
10.36
11.17
9.41
9.41
6.03
6.03
8.24
9.08
6.03
6.03
8.7
6.89
7.46
6.88
6.03
7.85
8.17
7.88
7.5
6.03
7.34
7.61
6.83
6.99
6.97
9.29
9.03
6.03
7.31
6.03
6.89
8.28
6.16
8.27
6.88
7.84
8.24
7.26
6.03
8.19
6.88
7.88
4.66
6.88
8.12
8.84
8.07
8.07
6.97
8.01
6.89
7.88
6.03
6.97
8.3
9.68
6.97
6.89
6.03
6.03
6.89
8.53
6.97
6.97
6.97
7.85
7.58
6.97
8.6
7.26
6.03
9.29
7.58
6.03
6.97
6.97
6.03
6.03
10.26
7.42
7.88
6.89
6.89
6.99
8.23
8.31
5.98
5.82
5.62
6.03
9.42
6.97
10
8.19
6.88
7.3
8.72
9.3
8.13
6.97
7.26
6.03
7.09
7.06
8.24
8.24
10
7.6
9.38
9.29
8.07
9.29
8.06
6.89
9.03
6.03
6.03
7.34
7.58
6.03
8.24
6.03
10.36
8.24
6.03
6.03
6.03
7.67
8.83
6.84
8.57
8.24
6.03
6.97
6.03
6.88
6.99
6.97
6.88
8.69
6.97
7.88
6.03
6.99
7.09
7.88
6.03
6.03
8.05
6.03
8.11
6.89
6.95
11.17
11.17
6.03
10.36
8.05
7.26
6.81
6.84
9.2
8.25
6.03
6.88
3.28
6.97
6.03
6.03
6.89
6.79
6.03
6.03
7.58
8.68
6.89
6.84
6.03
7.67
6.88
8.23
7.76
6.83
10
10.36
6.97
8.39
6.1
6.97
6.97
7.14
8.23
9.63
8.43
11.17
8.12
11.17
8.15
6.03
8.63
7.67
6.88
9.35
8.59
8.07
6.03
6.03
8.3
11.17
10.6
10.6
10.6
10.6
10.6
6.03
6.89
6.97
6.88
6.97
7.88
6.03
6.97
7.8
6.97
6.97
8.28
8.23
8.19
6.99
8.28
8.28
6.6
9.58
6.03
8.19
7.88
7.09
6.99
8.79
7.25
7.25
6.03
6.03
8.24
7
6.03
6.03
7.26
6.03
6.03
7.26
7.26
6.03
6.03
6.03
8.32
7.06
6.89
6.03
7.4
9.58
6.03
8.2
7.58
8.24
8.24
7.88
9.58
6.03
7.84
6.89
8.12
6.03
8.68
8.55
6.89
8.59
6.03
6.89
7.26
10.36
7
7.88
7.72
6.88
7.88
8.21
8.24
8.24
6.03
6.89
7.58
6.03
6.97
5.52
8.24
6.03
9.86
9.86
8.59
8.08
10.51
10
7.88
7.88
6.89
6.99
6.03
6.72
6.03
8.32
6.03
6.03
8.97
6.03
6.03
6.03
7.26
6.84
6.03
8.57
6.03
7.34
7.88
7.88
6.83
7.26
6.89
6.03
7
6.84
8.12
6.03
7.88
6.03
6.03
6.03
6.84
8.7
7.67
8.24
6.03
7.5
6.84
6.03
6.03
7.09
7.26
6.03
6.03
8.12
7.5
7.5
9.13
7.88
6.93
6.03
7.26
7.77
6.03
9.86
9.86
8.21
6.97
9.14
7.3
8.3
8.21
8.07
6.97
8.39
9.63
9.63
7.1
8.63
6.03
6.03
6.99
6.03
6.03
8.26
7.34
8.59
8.59
8.59
9.12
6.03
6.03
5.77
6.91
9.03
6.03
6.97
6.97
6.03
8.21
8.28
8.24
10.57
6.03
6.89
6.03
7.85
7.8
8.31
8.9
6.89
6.99
2.83
8.28
8.19
6.89
6.97
9.86
8.64
6.03
6.03
8.28
7.26
6.88
6.03
8.24
9.58
6.89
6.89
7.26
7.3
7.06
7.34
8.21
6.03
6.03
6.97
6.03
7.88
8.63
6.03
8.23
8.24
7.1
9.3
7.26
8.64
6.03
6.61
8.39
6.03
8.59
8.05
11.17
6.97
9.3
8.07
6.88
6.03
6.03
8.63
9.3
7.67
10
8.21
6.03
7.3
6.03
7.58
7.88
9.17
6.03
6.97
6.84
6.39
10
6.03
9.3
8.23
6.84
6.03
7.8
9
9.53
6.03
8.24
6.97
7.88
6.03
8.64
7.8
8.21
7.58
9.3
6.88
8.27
10.36
6.41
6.84
6.03
7.97
8.24
8.24
7.88
8
7.42
6.03
11.17
8.23
5.27
7.73
9.3
6.03
6.03
6.03
8.01
8.03
8.77
8.97
9.96
6.03
6.98
6.89
8.32
8.21
6.03
6.03
10
6.03
6.89
6.97
6.03
7.62
7.76
6.97
7.85
7.34
6.03
8.91
8.91
6.03
8.19
9.14
8.15
6.61
7.84
6.61
7.26
6.88
8.15
7.87
6.99
6.03
6.89
6.03
8.23
9.58
6.97
6.03
8.63
8.24
6.88
6.89
6.03
5.24
7
6.03
8.68
8.21
6.88
7.81
6.03
6.03
6.03
8.21
6.03
6.03
7.85
8.28
11.17
8.97
6.03
8.63
6.03
7
8.49
8.49
7.5
6.64
6.03
7.4
8.41
6.97
9.42
9.17
6.89
6.89
6.03
7.88
8.63
6.03
7.42
6.89
7.42
6.88
6.03
8.24
9.58
9.3
8.2
8.2
9.29
7.25
7.25
6.89
7.88
7.26
7.88
9.3
6.03
6.88
6.84
7.34
7.8
6.03
6.89
6.03
7.45
6.03
6.03
6.03
8.24
6.03
7.88
5.27
9.15
6.88
8.24
8.24
6.03
6.03
6.03
7.81
8.27
8.92
7.77
8.57
6.84
6.97
6.97
7.88
8
8
6.03
7.34
6.03
6.84
6.03
9.1
8.57
6.97
8.21
6.03
8.24
6.03
6.88
9.2
6.88
6.97
6.03
6.03
6.84
6.84
6.03
8.21
6.84
6.03
7.67
6.03
6.03
8.32
6.03
7.42
7.3
8.3
8.3
8.3
8.56
6.84
6.5
6.03
6.03
6.03
7.34
3.28
8.05
7.88
7.46
6.03
6.03
8.97
6.97
6.03
6.03
6.88
6.03
7.42
7.67
6.03
7.88
6.03
6.03
6.03
9
9
7.84
10.57
6.97
7.3
6.03
7.3
7.09
5.8
11.17
6.88
6.03
6.03
6.03
6.03
6.03
6.88
7.34
7.88
6.97
6.97
6.97
7.26
6.03
6.97
6.88
6.97
6.21
8.07
8.2
6.16
8.24
6.03
6.88
7.18
7.26
6.03
8.21
8.24
6.97
6.39
7.26
7.26
9.03
6.97
6.03
6.03
7.58
6.03
7.84
8.32
8.63
8.63
6.97
6.03
8.33
8.44
6.97
8.21
8.21
6.03
9.6
8.06
8.63
8.63
8.68
8.24
6.92
6.92
6.92
6.92
6.92
6.92
6.97
6.97
7.67
10
6.97
7
8.24
9.29
6.3
6.03
8.28
6.03
9.3
6.03
6.89
8.33
6.03
9.07
7.34
9.38
6.03
7.62
6.03
8.24
8.55
6.03
6.03
8.57
8.1
9.5
6.03
9.03
7.88
10.51
10.36
8.74
6.03
6.03
6.03
8.24
8.83
8.7
6.03
6.84
6.84
6.97
6.03
8.24
6.84
6.84
9.2
9.2
9.53
6.97
8.1
8.24
6.84
7.09
6.03
9.86
9.86
8.21
6.97
6.88
6.88
6.03
6.89
9.2
9.3
8.3
6.5
8.24
6.97
6.03
6.03
10.68
8.2
10.36
6.97
9.86
6.03
6.03
6.03
6.97
8.05
8.24
8.63
6.88
6.03
6.03
7.26
8.28
7.3
6.03
6.03
6.88
6.97
7.84
8.07
9.63
7.26
8.23
6.97
6.03
6.61
8.07
8.07
8.07
8.28
6.88
8.26
6.03
6.03
9.86
6.81
6.97
7.88
6.03
6.03
7.88
6.88
6.03
6.97
6.97
6.03
6.96
6.88
6.97
7.96
7.42
7.88
8.24
8.24
6.99
6.03
6.97
5.97
8.12
8.12
6.97
8.12
8.12
6.97
6.97
6.97
6.03
7.67
9.3
6.88
6.03
7.8
6.03
7.96
8.87
8.28
8.13
8.13
7
6.97
7.81
9.86
9.86
7.09
6.03
6.03
6.97
6.03
8.24
10.36
8.27
8.27
6.03
8.3
8.05
6.03
8
7.26
6.03
6.03
6.99
7.88
9.3
9.29
6.84
6.03
7.3
9.3
9.86
9.86
6.03
6.03
6.03
6.03
6.03
7.46
6.84
8.03
6.61
6.67
6.84
6.97
10.51
8.92
6.89
6.03
6.03
6.03
6.88
8.21
6.88
9.41
9.41
8.21
6.03
6.03
9.41
6.03
6.84
6.03
8.24
8.24
8.24
6.89
8.32
6.03
6.03
9.29
9.3
8.7
6.03
6.97
6.03
6.97
7.85
5.27
6.03
8.23
8.24
7.46
6.98
8.33
6.03
6.03
8.27
7.37